01110100 01100101 00100000 01100001 01100100 01101111 01110010 01100001 01101101 01101111 01110011 00101100 00100000 01100111 01100001 01110100 01101001 01101110 01101000 01101111 00101110 
01110100 01100101 00100000 01100001 01100100 01101111 01110010 01100001 01101101 01101111 01110011 00101100 00100000 01100111 01100001 01110100 01101001 01101110 01101000 01101111 00101110 
01110100 01100101 00100000 01100001 01100100 01101111 01110010 01100001 01101101 01101111 01110011 00101100 00100000 01100111 01100001 01110100 01101001 01101110 01101000 01101111 00101110 
01110100 01100101 00100000 01100001 01100100 01101111 01110010 01100001 01101101 01101111 01110011 00101100 00100000 01100111 01100001 01110100 01101001 01101110 01101000 01101111 00101110 
01110100 01100101 00100000 01100001 01100100 01101111 01110010 01100001 01101101 01101111 01110011 00101100 00100000 01100111 01100001 01110100 01101001 01101110 01101000 01101111 00101110 
01110100 01100101 00100000 01100001 01100100 01101111 01110010 01100001 01101101 01101111 01110011 00101100 00100000 01100111 01100001 01110100 01101001 01101110 01101000 01101111 00101110 
01110100 01100101 00100000 01100001 01100100 01101111 01110010 01100001 01101101 01101111 01110011 00101100 00100000 01100111 01100001 01110100 01101001 01101110 01101000 01101111 00101110 
01110100 01100101 00100000 01100001 01100100 01101111 01110010 01100001 01101101 01101111 01110011 00101100 00100000 01100111 01100001 01110100 01101001 01101110 01101000 01101111 00101110 
01110100 01100101 00100000 01100001 01100100 01101111 01110010 01100001 01101101 01101111 01110011 00101100 00100000 01100111 01100001 01110100 01101001 01101110 01101000 01101111 00101110 
01110100 01100101 00100000 01100001 01100100 01101111 01110010 01100001 01101101 01101111 01110011 00101100 00100000 01100111 01100001 01110100 01101001 01101110 01101000 01101111 00101110 
01110100 01100101 00100000 01100001 01100100 01101111 01110010 01100001 01101101 01101111 01110011 00101100 00100000 01100111 01100001 01110100 01101001 01101110 01101000 01101111 00101110 
01110100 01100101 00100000 01100001 01100100 01101111 01110010 01100001 01101101 01101111 01110011 00101100 00100000 01100111 01100001 01110100 01101001 01101110 01101000 01101111 00101110 
01110100 01100101 00100000 01100001 01100100 01101111 01110010 01100001 01101101 01101111 01110011 00101100 00100000 01100111 01100001 01110100 01101001 01101110 01101000 01101111 00101110 
01110100 01100101 00100000 01100001 01100100 01101111 01110010 01100001 01101101 01101111 01110011 00101100 00100000 01100111 01100001 01110100 01101001 01101110 01101000 01101111 00101110 
01110100 01100101 00100000 01100001 01100100 01101111 01110010 01100001 01101101 01101111 01110011 00101100 00100000 01100111 01100001 01110100 01101001 01101110 01101000 01101111 00101110 
01110100 01100101 00100000 01100001 01100100 01101111 01110010 01100001 01101101 01101111 01110011 00101100 00100000 01100111 01100001 01110100 01101001 01101110 01101000 01101111 00101110 
01110100 01100101 00100000 01100001 01100100 01101111 01110010 01100001 01101101 01101111 01110011 00101100 00100000 01100111 01100001 01110100 01101001 01101110 01101000 01101111 00101110 
01110100 01100101 00100000 01100001 01100100 01101111 01110010 01100001 01101101 01101111 01110011 00101100 00100000 01100111 01100001 01110100 01101001 01101110 01101000 01101111 00101110 
01110100 01100101 00100000 01100001 01100100 01101111 01110010 01100001 01101101 01101111 01110011 00101100 00100000 01100111 01100001 01110100 01101001 01101110 01101000 01101111 00101110 
01110100 01100101 00100000 01100001 01100100 01101111 01110010 01100001 01101101 01101111 01110011 00101100 00100000 01100111 01100001 01110100 01101001 01101110 01101000 01101111 00101110 
01110100 01100101 00100000 01100001 01100100 01101111 01110010 01100001 01101101 01101111 01110011 00101100 00100000 01100111 01100001 01110100 01101001 01101110 01101000 01101111 00101110 
01110100 01100101 00100000 01100001 01100100 01101111 01110010 01100001 01101101 01101111 01110011 00101100 00100000 01100111 01100001 01110100 01101001 01101110 01101000 01101111 00101110 
01110100 01100101 00100000 01100001 01100100 01101111 01110010 01100001 01101101 01101111 01110011 00101100 00100000 01100111 01100001 01110100 01101001 01101110 01101000 01101111 00101110 
01110100 01100101 00100000 01100001 01100100 01101111 01110010 01100001 01101101 01101111 01110011 00101100 00100000 01100111 01100001 01110100 01101001 01101110 01101000 01101111 00101110 
01110100 01100101 00100000 01100001 01100100 01101111 01110010 01100001 01101101 01101111 01110011 00101100 00100000 01100111 01100001 01110100 01101001 01101110 01101000 01101111 00101110 
01110100 01100101 00100000 01100001 01100100 01101111 01110010 01100001 01101101 01101111 01110011 00101100 00100000 01100111 01100001 01110100 01101001 01101110 01101000 01101111 00101110 
01110100 01100101 00100000 01100001 01100100 01101111 01110010 01100001 01101101 01101111 01110011 00101100 00100000 01100111 01100001 01110100 01101001 01101110 01101000 01101111 00101110 
01110100 01100101 00100000 01100001 01100100 01101111 01110010 01100001 01101101 01101111 01110011 00101100 00100000 01100111 01100001 01110100 01101001 01101110 01101000 01101111 00101110 
01110100 01100101 00100000 01100001 01100100 01101111 01110010 01100001 01101101 01101111 01110011 00101100 00100000 01100111 01100001 01110100 01101001 01101110 01101000 01101111 00101110 
01110100 01100101 00100000 01100001 01100100 01101111 01110010 01100001 01101101 01101111 01110011 00101100 00100000 01100111 01100001 01110100 01101001 01101110 01101000 01101111 00101110 
01110100 01100101 00100000 01100001 01100100 01101111 01110010 01100001 01101101 01101111 01110011 00101100 00100000 01100111 01100001 01110100 01101001 01101110 01101000 01101111 00101110 
01110100 01100101 00100000 01100001 01100100 01101111 01110010 01100001 01101101 01101111 01110011 00101100 00100000 01100111 01100001 01110100 01101001 01101110 01101000 01101111 00101110 
01110100 01100101 00100000 01100001 01100100 01101111 01110010 01100001 01101101 01101111 01110011 00101100 00100000 01100111 01100001 01110100 01101001 01101110 01101000 01101111 00101110 
01110100 01100101 00100000 01100001 01100100 01101111 01110010 01100001 01101101 01101111 01110011 00101100 00100000 01100111 01100001 01110100 01101001 01101110 01101000 01101111 00101110 
01110100 01100101 00100000 01100001 01100100 01101111 01110010 01100001 01101101 01101111 01110011 00101100 00100000 01100111 01100001 01110100 01101001 01101110 01101000 01101111 00101110 
01110100 01100101 00100000 01100001 01100100 01101111 01110010 01100001 01101101 01101111 01110011 00101100 00100000 01100111 01100001 01110100 01101001 01101110 01101000 01101111 00101110 
01110100 01100101 00100000 01100001 01100100 01101111 01110010 01100001 01101101 01101111 01110011 00101100 00100000 01100111 01100001 01110100 01101001 01101110 01101000 01101111 00101110 
01110100 01100101 00100000 01100001 01100100 01101111 01110010 01100001 01101101 01101111 01110011 00101100 00100000 01100111 01100001 01110100 01101001 01101110 01101000 01101111 00101110 